 
16777102 16777109
16777101 16777108
16777101 16777108
16777103 16777110
16777101 16777109
16777102 16777109
16777102 16777109
16777102 16777109
16777101 16777109
16777103 16777110
16777101 16777108
16777102 16777109
16777102 16777109
16777101 16777109
16777102 16777109
16777102 16777109
16777102 16777109
16777102 16777108
16777102 16777109
16777101 16777109
16777102 16777110
16777102 16777109
16777102 16777109
16777102 16777109
16777101 16777108
16777102 16777109
16777102 16777109
16777101 16777109
16777102 16777109
16777101 16777108
16777101 16777109
16777102 16777109
16777101 16777109
16777102 16777109
16777102 16777109
16777102 16777109
16777102 16777109
16777102 16777109
16777102 16777109
16777101 16777109
16777101 16777109
16777101 16777109
16777102 16777109
16777101 16777109
16777102 16777109
16777101 16777109
16777102 16777109
16777102 16777109
16777101 16777108
16777102 16777109
16777102 16777110
16777102 16777109
16777102 16777110
16777102 16777109
16777102 16777109
16777101 16777109
16777102 16777109
16777102 16777109
16777102 16777109
16777102 16777109
16777101 16777109
16777101 16777108
16777102 16777109
16777102 16777109
16777102 16777109
16777101 16777108
16777101 16777109
16777102 16777109
16777102 16777109
16777103 16777109
16777102 16777109
16777102 16777109
16777102 16777110
16777102 16777109
16777102 16777109
16777102 16777109
16777101 16777109
16777101 16777108
16777101 16777108
16777101 16777109
16777101 16777109
16777102 16777109
16777101 16777109
16777102 16777109
16777101 16777108
16777101 16777109
16777101 16777108
16777102 16777109
16777102 16777110
16777101 16777109
16777101 16777108
16777101 16777108
16777101 16777108
16777101 16777109
16777101 16777109
16777102 16777108
16777102 16777109
16777102 16777109
16777101 16777109
16777102 16777109
16777102 16777109
16777101 16777108
16777102 16777109
16777102 16777109
16777102 16777109
16777102 16777109
16777101 16777109
16777102 16777109
16777102 16777109
16777101 16777109
16777101 16777108
16777101 16777109
16777101 16777108
16777102 16777109
16777101 16777109
16777101 16777109
16777101 16777108
16777102 16777109
16777101 16777109
16777102 16777109
16777102 16777109
16777102 16777109
16777101 16777109
16777101 16777109
16777101 16777109
16777101 16777108
16777101 16777109
16777102 16777109
16777102 16777109
16777101 16777108
16777102 16777109
16777102 16777109
16777101 16777109
16777102 16777109
16777102 16777109
16777101 16777109
16777101 16777109
16777102 16777109
16777102 16777109
16777102 16777109
16777102 16777109
16777102 16777109
16777102 16777109
16777101 16777109
16777101 16777109
16777101 16777108
16777101 16777109
16777102 16777109
16777101 16777108
16777102 16777109
16777102 16777109
16777102 16777109
16777102 16777109
16777101 16777109
16777101 16777108
16777102 16777109
16777103 16777110
16777101 16777109
16777102 16777109
16777101 16777108
16777101 16777109
16777102 16777109
16777101 16777109
16777102 16777109
16777101 16777109
16777101 16777109
16777101 16777109
16777102 16777109
16777101 16777108
16777101 16777108
16777101 16777109
16777102 16777110
16777101 16777109
16777102 16777109
16777101 16777108
16777102 16777109
16777101 16777108
16777102 16777109
16777102 16777109
16777102 16777109
9950 9958
16777101 16777108
16777102 16777109
16777101 16777109
16777102 16777109
16777102 16777109
9950 9957
16777101 16777108
16777101 16777108
16777102 16777109
16777102 16777109
16777102 16777110
16777101 16777108
16777102 16777109
16777102 16777109
16777102 16777109
16777102 16777109
16777101 16777108
16777102 16777109
16777102 16777109