235
176
266
223
363
173
22
64
208
617
201
152
62
151
202
171
439
249
438
190
579
200
593
218
44
210
235
415
271
227
285
205
288
154
180
149
237
178
220
17
223
262
188
108
319
171
172
34
182
132
306
232
609
417
135
190
159
185
141
174
208
248
365
188
227
160
223
241
48
374
41
178
197
204
233
222
157
133
346
193
83
232
240
220
219
267
151
218
372
226
179
154
312
195
175
503
414
370
238
357
216
184
194
21
240
349
169
226
221
23
104
217
327
168
188
188
427
350
515
459
1208
145
190
318
509
1093
267
501
328
223
250
281
220
216
386
202
102
311
248
357
172
801
167
202
367
175
409
285
496
214
268
140
231
462
521
140
231
404
544
170
416
589
233
111
265
393
247
177
603
283
601
160
266
185
573
234
409
192
110
181
283
267
225
181
49
172
188
251
212
326
115
218
198
537
123
395
468
157
420
356
605
147
169
129
166
270
215
159
155
278
473
298
303
161
140
271
180
197
159
212
175
313
199
248
230
209
283
215
286
388
21
298
139
168
450
293
206
34
194
166
292
223
209
260
124
575
277
233
227
1828
176
509
405
200
300
24
174
181
276
417
156
241
278
158
279
357
191
344
174
40
176
186
161
184
187
408
274
252
115
192
436
155
219
296
216
47
135
189
761
230
59
93
179
181
502
394
339
134
436
346
195
158
131
188
518
262
189
469
361
196
139
462
211
386
499
442
206
224
205
205
87
211
470
210
189
276
168
299
201
244
239
239
314
211
163
214
267
448
287
160
618
289
239
198
245
514
135
170
250
223
284
343
298
296
216
191
265
66
237
173
397
259
457
245
268
208
206
551
122
227
234
63
551
203
343
138
289
183
132
153
195
195
276
27
178
205
140
223
454
501
130
230
432
235
401
209
359
237
252
288
283
276
183
313
224
62
162
199
296
156
254
353
253
325
260
181
868
222
224
336
265
201
199
340
422
333
191
315
61
225
42
255
219
286
648
212
334
178
260
314
293
236
185
264
280
189
236
208
140
322
423
219
174
262
301
238
255
202
200
252
259
188
314
189
171
229
205
114
207
378
207
157
159
315
195
208
235
461
157
384
63
185
233
288
231
25
132
201
142
236
384
207
237
53
253
628
247
810
146
601
390
238
241
347
148
176
205
190
208
195
224
280
391
61
308
221
198
172
227
233
225
284
206
258
339
326
321
202
452
143
207
319
188
221
259
189
206
198
157
232
220
25
157
434
666
235
654
279
454
272
438
282
375
519
291
217
229
246
199
228
304
266
147
218
233
323
508
182
180
172
38
286
322
551
178
171
398
38
232
301
196
204
166
245
235
228
183
187
158
178
247
584
344
172
28
231
519
192
150
216
236
104
262
278
300
32
281
131
342
179
276
154
19
193
341
205
26
31
880
112
33
151
261
198
22
225
165
312
239
301
208
253
569
162
36
27
170
268
208
461
339
300
269
414
209
344
146
188
593
501
231
35
667
194
316
223
332
131
230
207
213
165
241
218
398
252
241
205
154
492
206
198
213
270
238
164
264
390
423
331
60
205
542
225
256
260
161
208
495
367
159
164
186
256
437
166
168
292
624
214
176
209
195
195
264
113
188
411
457
221
135
172
195
304
176
312
236
119
283
418
96
181
256
157
188
188
253
301
308
188
26
222
242
534
389
228
100
149
259
242
151
195
166
145
217
328
188
199
225
200
416
298
191
210
170
158
268
178
111
198
157
210
267
173
149
547
229
146
271
191
227
242
109
136
172
207
180
164
233
109
268
428
171
138
424
264
285
251
233
366
1162
448
164
182
226
322
217
340
85
204
249
219
934
247
214
224
357
32
35
254
108
238
185
426
178
179
21
489
171
276
154
186
149
164
140
396
206
174
152
361
249
154
231
156
279
162
214
489
162
240
216
186
131
236
181
155
211
251
171
142
238
145
385
438
35
424
220
259
291
201
166
447
146
61
721
333
428
925
302
173
262
145
168
325
751
227
142
187
79
199
75
456
180
179
150
311
779
336
261
334
177
345
137
197
208
832
166
215
294
167
220
192
345
232
1025
148
156
48
288
391
233
278
190
623
164
227
480
188
152
16
1361
184
173
358
351
170
306
138
88
186
432
731
211
268
298
184
159
374
214
279
296
233
159
284
167
481
305
173
152
189
331
358
314
263
74
381
172
139
175
126
204
253
157
166
209
183
505
203
210
122
213
252
157
59
185
282
280
184
210
177
225
20
492
592
268
248
185
381
243
283
229
220
219
167
149
711
217
157
561
20
227
358
137
219
18
370
209
273
215
397
157
200
205
160
172
235
161
404
32
297
213
164
225
285
193
250
308
209
455
231
596
120
272
391
279
207
203
213
295
134
138
254
186
165
191
218
208
364
185
122
157
184
930
163
116
248
231
301
227
40
409
191
276
246
334
147
21
7
296
149
138
152
20
206
210
211
168
319
525
1151
337
278
261
189
201
197
422
52
172
239
537
233
513
286
239
109
164
331
261
202
204
208
227
122
27
399
544
0
1
1
133
163
185
460
72
358
233
46
182
269
263
359
348
82
99
186
247
29
576
193
340
111
234
134
512
194
240
319
125
286
474
262
161
304
296
188
187
316
229
149
318
163
171
171
396
196
412
317
199
167
177
150
300
206
172
394
105
375
173
221
225
320
174
507
182
160
144
285
41
379
373
156
193
313
257
234
118
146
200
455
279
193
129
270
299
224
249
163
368
151
408
156
185
31
293
256
385
29
233
526
222
339
112
633
233
313
221
367
394
40
172
45
29
402
137
140
302
83
382
386
184
147
198
454
188
164
182
163
100
496
593
309
245
26
269
41
283
185
581
582
230
162
161
169
172
343
300
199
189
328
271
389
177
24
289
205
229
291
375
375
144
42
196
324
153
234
184
109
268
161
322
401
123
212
296
248
279
379
205
322
667
284
123
290
145
171
286
548
210
390
199
60
111
331
214
250
31
170
182
113
158
275
197
463
217
323
184
260
235
112
192
356
746
289
147
140
155
701
214
304
194
183
292
365
40
270
121
214
89
337
530
197
283
121
150
181
344
179
526
395
188
186
196
206
239
136
76
282
303
146
120
191
170
264
277
43
288
128
192
201
288
258
190
210
381
250
253
169
1094
498
113
224
214
324
152
429
178
398
138
210
296
216
190
74
134
403
219
208
191
96
524
348
131
287
206
190
178
157
30
343
445
201
206
57
187
313
309
292
360
164
409
152
409
362
254
267
178
201
156
314
87
141
792
106
267
158
131
185
194
190
222
424
203
222
255
276
125
40
194
189
139
202
176
200
278
416
1382
198
190
1136
290
232
221
426
188
315
212
450
163
208
141
451
167
334
160
245
227
487
178
169
145
124
266
214
482
190
157
736
278
186
209
31
331
343
217
147
559
145
183
508
199
213
198
228
597
228
252
181
330
626
229
262
260
194
406
51
160
222
228
254
214
314
329
214
403
282
372
162
290
238
408
197
194
146
195
145
194
235
193
133
155
141
133
436
190
520
326
61
190
128
140
448
196
256
184
232
595
154
179
181
222
396
179
167
250
442
617
189
235
294
292
122
158
269
226
327
145
149
214
229
159
204
295
326
283
377
287
196
314
439
224
141
425
170
200
386
180
145
245
147
204
232
368
280
361
391
195
275
207
381
200
153
250
241
233
176
204
370
261
194
321
26
286
157
236
173
39
568
153
75
239
173
255
159
130
204
325
208
371
230
199
305
237
156
398
162
28
213
209
29
224
169
219
159
1209
206
61
170
245
112
241
365
316
213
202
173
345
67
267
162
150
302
359
152
190
367
269
199
518
231
331
260
196
314
341
137
164
508
150
293
388
44
156
240
201
12
144
56
280
345
266
191
145
145
97
223
280
185
806
286
203
260
355
321
170
249
281
333
150
494
760
304
775
198
182
152
369
245
146
320
124
145
173
230
129
194
266
100
344
492
222
222
300
230
104
263
233
349
226
182
273
146
227
212
398
231
480
228
209
267
142
262
316
145
134
327
53
198
867
501
231
141
379
203
157
136
202
241
277
179
249
281
218
40
307
250
293
274
112
140
26
173
336
78
324
343
35
214
248
292
315
138
348
95
550
186
170
492
211
141
159
179
320
501
182
254
170
87
209
207
164
206
254
139
106
490
35
49
272
213
526
327
199
240
142
289
217
244
236
351
265
260
337
574
165
269
186
89
151
180
165
205
412
168
320
178
223
211
77
127
201
220
199
516
545
96
213
339
152
239
128
235
166
160
375
376
149
435
161
250
177
187
236
34
354
321
449
266
218
200
161
211
462
323
215
312
215
224
374
148
267
701
504
233
299
185
289
185
214
205
245
385
300
169
282
215
337
562
293
245
176
120
170
451
106
481
256
284
194
156
126
202
238
175
303
205
157
43
218
261
215
279
174
159
170
320
155
167
188
818
283
186
120
40
161
198
132
26
237
166
199
344
133
637
187
294
240
355
234
200
173
225
331
233
159
519
782
508
195
155
41
135
201
294
169
152
187
129
158
272
109
263
176
234
232
366
204
316
154
278
244
23
208
196
643
207
248
200
282
339
137
223
339
113
127
290
171
268
409
291
348
219
326
39
235
267
556
187
154
372
225
203
268
224
700
298
219
220
158
144
331
167
597
213
132
74
209
441
206
171
497
23
240
132
427
260
367
31
261
138
152
168
44
760
410
186
195
142
386
139
144
519
481
618
94
98
152
379
251
455
184
342
273
297
215
793
168
222
426
718
257
192
155
199
1662
227
499
247
144
244
176
798
191
223
151
230
179
341
488
78
169
172
193
230
158
37
268
135
157
36
528
150
381
207
309
420
219
223
262
215
152
196
175
242
223
194
187
219
283
290
166
347
197
196
205
321
213
256
262
627
393
155
217
29
203
239
172
110
933
307
429
217
177
363
349
39
327
354
121
183
254
222
222
323
531
178
35
456
467
328
568
130
303
271
185
282
477
320
36
217
222
238
272
632
42
151
163
156
144
373
262
343
139
457
150
36
460
372
261
141
84
232
699
361
428
513
264
461
80
166
195
229
482
322
205
16
214
289
239
470
177
161
230
958
126
166
136
143
396
408
224
174
446
257
637
135
246
152
258
186
211
170
543
129
200
108
175
218
191
100
183
594
466
158
223
287
170
196
252
34
187
335
412
268
184
145
464
234
213
249
25
199
358
168
209
222
141
269
20
216
353
288
542
129
196
290
541
132
548
160
191
225
166
169
130
198
150
401
208
316
121
347
255
144
136
237
126
234
228
26
345
271
457
312
236
52
267
312
243
218
225
226
444
272
158
183
197
30
195
284
383
208
251
387
170
240
303
312
181
188
838
181
415
299
325
207
168
219
178
37
130
763
306
146
184
166
175
247
156
22
38
152
480
293
291
341
156
193
227
187
241
133
2013
399
323
156
860
261
141
235
153
199
142
269
270
449
209
198
247
21
143
342
252
171
114
484
164
362
279
163
185
193
165
86
667
344
206
162
89
389
173
262
226
423
367
239
591
348
286
387
153
190
221
160
1287
65
310
320
497
79
374
184
188
168
1329
217
189
203
165
220
460
657
26
131
221
212
214
160
319
439
246
176
217
362
201
142
418
240
76
182
239
246
264
203
250
123
223
295
225
222
468
162
180
186
196
196
345
218
253
422
36
265
69
192
371
175
427
521
188
258
342
201
197
301
167
300
132
62
16
275
176
324
183
179
40
275
217
227
405
45
165
31
449
231
130
158
278
65
162
229
152
370
248
409
209
197
140
163
274
392
40
437
344
336
143
233
77
463
345
184
220
117
781
156
202
297
153
404
301
217
213
242
266
123
136
174
216
313
66
391
196
713
210
224
51
236
162
144
205
228
585
187
295
34
383
294
296
247
1510
375
205
198
312
203
162
28
152
242
194
185
262
249
178
131
161
194
183
221
184
213
188
301
187
332
213
281
225
279
150
57
479
154
343
168
259
30
337
156
177
229
270
381
197
313
550
331
138
222
88
171
297
439
151
384
242
270
29
307
209
381
171
247
432
179
178
145
205
266
195
247
231
154
197
276
186
210
232
244
387
408
323
608
17
197
199
353
184
289
337
143
416
240
142
165
19
174
341
152
588
347
190
298
212
373
652
209
161
397
172
355
68
308
326
480
226
33
29
288
172
366
116
278
472
204
404
196
190
150
37
323
688
161
167
289
192
315
354
23
194
420
280
172
203
327
192
191
105
314
337
265
161
486
39
507
239
232
197
176
312
362
387
177
195
236
229
602
471
231
249
15
41
305
315
144
278
113
388
264
160
229
168
201
306
186
29
163
407
502
230
45
108
365
247
267
371
141
323
216
148
165
292
254
702
206
216
168
319
398
308
44
150
257
219
173
75
143
247
46
163
255
195
827
71
503
352
287
792
390
277
178
519
267
339
316
208
222
23
177
267
278
282
162
617
346
107
402
198
53
277
200
206
292
227
201
253
67
279
167
344
268
211
490
55
454
341
66
45
262
218
149
192
215
209
200
223
281
240
156
196
256
167
384
330
100
214
197
30
430
224
181
177
294
186
246
247
171
190
167
232
380
437
212
171
348
441
207
584
224
298
211
340
272
324
229
176
19
265
486
218
262
386
128
204
204
311
187
165
30
106
197
222
241
681
169
205
101
14
168
267
33
198
337
231
165
262
315
165
133
180
204
262
578
297
41
250
302
449
227
186
157
169
166
219
241
275
305
239
176
538
357
198
142
151
268
171
320
366
575
146
229
161
195
147
127
337
360
44
216
161
151
168
232
221
204
204
196
156
173
260
654
231
145
191
157
121
153
201
511
497
269
224
173
220
204
258
567
218
272
184
115
361
204
272
225
514
124
205
304
200
189
284
384
162
197
102
224
183
149
316
219
158
254
251
325
338
134
166
156
423
249
225
799
33
169
304
642
225
375
151
351
339
29
164
358
152
212
147
195
194
155
242
173
246
174
266
207
196
67
152
137
203
472
170
284
147
251
248
132
933
396
63
404
45
354
143
473
260
80
394
377
398
153
284
69
625
152
353
237
219
200
231
203
169
170
243
155
26
129
293
372
490
421
45
181
26
230
319
198
268
148
627
173
143
600
236
253
265
294
177
239
24
448
476
256
53
302
129
295
221
20
143
374
332
317
252
170
182
185
347
258
210
914
252
166
39
182
396
292
270
187
691
292
205
165
533
176
302
297
348
222
27
334
274
342
141
164
95
312
80
316
675
217
265
151
174
191
262
242
359
330
116
480
284
194
143
166
145
65
322
189
200
597
737
356
161
206
259
194
140
516
257
245
198
152
195
178
251
259
176
178
164
155
209
354
512
162
306
173
185
248
143
189
226
227
306
231
219
511
307
187
119
296
182
18
125
107
154
346
220
237
252
162
165
189
164
151
244
144
198
346
189
171
37
296
227
542
160
187
396
285
264
166
209
94
298
414
171
57
160
327
191
296
203
690
279
247
192
353
224
209
143
225
127
79
307
240
178
153
178
279
267
81
200
388
176
198
190
186
153
231
120
375
207
192
333
504
316
146
314
151
161
211
238
451
66
164
156
414
173
234
202
206
2054
214
283
20
190
146
135
196
56
167
214
364
103
185
225
563
202
240
315
293
141
325
259
203
231
70
90
505
293
255
147
178
172
221
464
202
197
232
295
277
704
272
137
30
235
217
372
557
170
344
221
266
269
378
343
231
207
172
1080
211
21
146
344
332
406
292
266
467
182
447
373
195
386
133
211
198
153
208
241
140
186
381
191
183
12
56
309
244
22
355
173
254
171
163
185
381
153
386
268
232
248
214
345
184
247
192
85
134
251
178
279
355
381
134
152
35
227
422
102
323
198
184
612
207
311
735
284
30
210
155
169
359
232
209
257
158
273
289
184
530
333
189
516
212
339
545
262
169
466
1045
1316
192
22
68
507
205
15
135
412
97
213
229
252
295
237
234
198
144
468
236
597
329
191
773
261
336
277
30
30
173
423
298
1136
137
124
254
192
13
211
393
458
325
285
450
242
259
31
570
126
159
213
262
197
242
153
48
284
73
175
237
1139
207
387
336
236
276
254
173
466
194
321
199
172
252
203
285
239
277
209
215
313
295
121
1426
174
562
241
398
151
178
151
224
385
300
224
217
214
451
436
251
651
205
424
219
126
448
453
137
245
196
191
365
199
526
152
473
179
118
409
246
55
151
271
440
154
179
121
418
309
275
183
509
206
15
165
334
218
164
289
193
263
344
417
258
380
193
466
202
215
277
205
188
208
359
305
217
158
62
524
224
160
295
24
424
92
426
274
224
348
465
211
341
249
228
403
391
415
295
208
349
629
321
263
753
161
110
166
201
290
197
192
187
328
167
354
223
170
196
182
182
300
264
36
133
392
231
169
204
117
907
241
23
196
964
200
221
119
179
164
186
388
294
293
214
201
401
630
197
445
238
417
66
183
37
180
214
486
187
553
414
208
357
376
277
273
188
207
246
293
228
233
166
201
36
204
359
219
254
230
61
430
191
222
213
16
394
219
482
119
188
1163
318
121
170
212
205
229
466
217
259
345
416
180
20
310
221
273
246
129
423
172
198
487
378
170
374
108
576
124
191
185
233
304
188
164
295
147
135
197
127
210
184
187
126
319
240
197
200
41
2025
302
251
20
461
211
154
172
407
160
309
221
310
318
321
193
216
291
146
321
163
516
154
265
275
212
87
516
644
655
174
400
204
164
234
613
207
361
135
309
391
208
99
239
278
426
138
225
327
200
23
283
274
42
265
383
647
53
172
251
215
452
139
33
330
165
341
212
262
252
163
222
160
50
736
221
286
157
262
186
214
128
299
57
183
189
234
148
24
341
149
34
329
226
188
164
737
184
218
357
159
449
163
358
203
554
232
237
19
160
352
233
311
145
153
187
430
219
194
131
363
31
172
123
145
256
401
141
326
376
195
209
236
30
329
257
303
310
41
18
172
152
426
691
309
205
123
199
328
211
254
166
221
200
216
374
199
173
135
161
130
435
165
140
528
186
293
259
94
303
201
389
324
337
482
180
140
153
201
216
359
161
321
390
501
293
30
27
409
234
386
148
461
258
193
34
213
255
244
459
302
207
190
187
228
432
171
311
320
719
213
163
245
338
379
294
291
294
307
172
539
172
186
180
413
349
345
160
427
185
142
177
204
164
286
1160
280
294
265
129
336
223
710
214
323
165
138
476
129
245
233
312
183
248
197
250
462
222
174
927
149
196
475
228
174
243
30
143
175
235
242
115
27
247
153
420
396
295
305
290
164
184
515
416
179
333
198
191
362
156
217
203
225
155
505
345
175
18
87
183
205
461
246
220
45
172
336
202
234
293
254
135
284
182
267
218
257
182
230
170
47
265
150
216
129
446
154
214
386
263
260
349
307
146
183
280
303
36
554
189
743
344
149
110
753
327
321
314
12
160
204
252
178
381
181
200
273
387
144
60
158
470
170
492
765
225
268
205
249
215
194
622
322
328
240
576
221
356
298
200
99
228
219
296
134
19
198
191
409
195
160
169
260
317
304
247
205
481
81
384
226
163
370
183
210
326
233
206
410
186
327
255
340
377
296
179
97
14
248
399
156
225
37
222
56
354
230
308
161
158
360
226
204
275
274
214
322
612
14
211
469
187
175
243
461
293
195
504
229
169
259
270
191
204
176
187
14
190
262
255
635
192
163
257
519
165
161
181
196
219
249
306
289
788
313
242
203
218
117
37
329
167
297
165
174
154
179
14
232
89
189
678
273
186
209
187
269
204
54
167
143
172
191
52
423
146
182
231
198
442
213
353
89
291
239
120
113
1468
268
182
271
221
186
179
206
180
136
671
166
351
167
418
216
286
489
172
281
223
185
61
318
170
196
759
213
237
345
151
387
240
153
239
708
351
240
154
231
189
191
240
277
541
131
380
197
179
191
212
178
178
291
279
317
156
79
206
250
533
118
523
837
437
144
241
197
167
164
329
610
34
136
200
146
417
192
32
350
352
192
29
816
182
300
16
222
155
241
352
392
316
264
407
145
188
35
73
317
333
114
142
189
289
404
386
172
243
202
285
266
278
77
489
349
459
344
258
194
145
190
25
179
36
257
228
844
212
313
354
174
359
232
60
977
133
166
245
414
445
151
158
229
201
245
303
190
274
301
297
222
322
731
146
194
300
199
321
320
123
474
162
398
201
232
184
172
417
245
184
369
724
230
158
309
415
207
440
223
183
584
169
173
207
160
144
91
188
231
194
313
368
302
308
161
159
15
215
346
488
234
164
250
935
301
171
34
230
304
273
287
188
404
253
379
440
504
208
200
166
158
255
302
226
149
179
220
154
818
411
187
386
157
355
169
246
19
192
249
613
194
148
253
190
234
153
95
213
169
331
422
163
260
404
140
44
174
557
213
329
195
15
251
227
170
569
301
141
257
175
215
277
149
459
166
46
161
422
272
294
377
179
265
277
235
199
140
192
239
203
452
155
234
281
350
104
225
246
252
310
660
45
160
290
157
182
150
284
410
188
725
268
290
127
396
150
449
195
452
1193
163
316
570
335
492
177
359
346
306
127
304
167
160
333
221
432
386
519
74
258
277
295
142
382
760
282
344
470
362
388
228
250
358
320
159
184
184
162
199
436
207
154
423
201
503
222
317
173
141
334
356
298
40
169
199
133
169
106
314
43
17
26
348
309
294
48
220
234
170
23
59
220
226
487
209
406
213
202
665
299
187
478
390
247
330
243
1020
183
226
161
195
299
145
184
189
16
172
210
232
462
346
253
186
377
255
197
230
331
156
299
391
173
834
150
229
167
223
192
208
337
399
229
162
143
509
192
166
190
346
155
395
223
271
310
25
230
291
266
147
212
169
303
163
553
112
156
178
216
145
262
348
233
403
309
157
252
197
138
798
274
163
358
186
43
240
326
354
146
31
578
270
416
247
192
288
721
100
152
394
226
319
114
238
279
199
636
461
241
149
400
169
47
130
197
209
153
94
105
394
141
27
186
536
270
298
239
186
26
203
225
158
1010
194
288
470
180
240
95
36
237
138
479
275
247
347
45
413
227
191
199
137
182
233
675
271
458
275
172
308
184
849
175
201
159
127
204
462
276
235
341
241
130
241
44
183
188
209
332
165
641
256
207
241
901
27
179
252
563
199
105
11
189
47
330
211
236
196
202
537
170
363
204
153
175
268
153
384
124
198
102
273
37
40
264
452
511
222
268
190
235
67
246
470
219
171
404
49
447
1050
248
52
138
535
179
395
436
370
109
196
459
139
205
158
458
152
162
191
358
382
19
269
713
376
272
190
25
196
290
363
158
14
208
314
631
531
159
187
142
189
284
352
209
150
157
171
133
206
156
237
428
386
